camera_matrix:
  data: [1371.250033317414, 0.0, 961.2214569319406, 0.0, 1368.0762025779231, 510.0892110501571, 0.0, 0.0, 1.0]
distortion_coefficients:
  k1: 0.12659433318681737
  k2: -0.7176685273609295
  p1: -0.0038022332640432863
  p2: -0.001988176845730929
  k3: 1.9359455679651458